# id_f606w xcenter_f606w      ycenter_f606w     aperture_sum_f606w roundness1_f606w     roundness2_f606w     sharpness_f606w    annulus_median_f606w aper_bkg_f606w     final_phot_f606w   six_4_flag_f606w magr_f606w         id_f814w xcenter_f814w      ycenter_f814w     aperture_sum_f814w roundness1_f814w     roundness2_f814w       sharpness_f814w    annulus_median_f814w aper_bkg_f814w     final_phot_f814w   six_4_flag_f814w magr_f814w         x_f606wTrans_f814w y_f606wTrans      meanFLC_f606w      meanFLC_f814w      err_f606w            err_f814w           
  1177.0   2236.980764422419  786.2885070500436 40.35241216895257  0.7566350123823707   -0.0847463681553542  0.6270753522357951 0.6378316879272461   32.06091752030422  8.291494648648346  0.0              24.179822840125823 1370.0   2235.472642294433  783.2123718058201 27.63121692961365  0.9095436105213743   -0.7011689849905499    0.576560176965184  0.4818915128707886   24.22250938659425  3.4087075430194    0.0              25.245220876812926 2236.0228578512565 782.4077139809192 24.21605414639872  25.24702732454913  0.04006411269332725  0.02488743940641445 
  1227.0   2228.237595375063  806.5481571998171 36.863600879349974 0.1634375408746735   -0.8255830942480438  0.5015965519312962 0.6334671378135681   31.841531303130537 5.022069576219437  0.0              24.72419808913484  1444.0   2223.059933575129  808.7718224031858 25.741578273762517 0.1853584677124942   -0.1841093946657997    0.6990171919349204 0.49809664487838745  25.03706816524266  0.7045101085198588 0.0              26.956977158750096 2223.6095275980983 807.9751844267716 24.884522930273604 27.24560582168725  0.04059004006839126  0.18706760316644827 
  1235.0   2280.5475591855975 811.1006078244562 70.44815638865975  0.14210163117446523  -0.22083900227226366 0.5460356520669852 1.1029870510101318   55.44217626332961  15.005980125330147 0.0              23.535743984788713 1450.0   2284.1119185625957 812.0384080569735 51.25790378976858  -0.04732498183736712 -0.5605448471415966    0.6324156485133602 0.7281508445739746   36.60085350430083  14.657050285467747 0.0              23.661578786357545 2284.6632901571384 811.2227504052541 23.480474283253876 23.630917663337016 0.037381722535168346 0.09535795706628872 
  1242.0   2338.8176821833667 811.4065318668489 13.357433396139967 0.09804707851176613  0.8324863730330663   0.5829964595882191 0.2380695566534996   11.966681123616214 1.3907522725237538 0.0              26.118280456418216 1454.0   2338.453978017535  812.1496422188379 14.673159295916241 -0.7067612724523702  -0.11747163708257011   0.4905167197973022 0.24460044503211975  12.294959378843222 2.378199917073019  0.0              25.636074331860627 2339.006959558149  811.3166124108636 26.13779951454116  25.614605435937634 0.009748023389741603 0.039773728246338694
  1276.0   2278.304224099067  828.6439502052796 240.5345897062     -0.21570846452327083 -0.7838657401990804  0.6625665150453836 1.7186295986175537   86.38774594014211  154.14684376605788 0.0              21.006568310181212 1489.0   2278.497056999093  830.6046643878922 237.77970312815597 -0.13067761603550082 -0.6157953592977194    0.6105420464493146 1.5929468870162964   80.07024380494603  157.70945932320996 0.0              21.082050873828003 2279.0480779619597 829.7937437605553 20.98113598711806  21.08900741419332  0.02336356504901601  0.006074172479451492
  1279.0   2240.891697211417  830.4522822264814 108.14092172926439 -0.6222097152418805  -0.8801573454911751  0.5551589490844607 1.5312931537628174   76.9711891576578   31.169732571606588 0.0              22.74207221168073  1493.0   2234.7114988363505 832.9167540542428 61.98901904209788  -0.5350496581690151  -0.0016685299182503414 0.6202595561631645 1.0954219102859497   55.06191081497019  6.92710822712769   0.0              24.475315298488347 2235.2611987774517 832.1202112105146 24.966328964961242 24.598920435873186 0.11799684755532773  0.11008328391448845 
  1293.0   2236.101759283134  836.9531000891578 63.930704230407194 -0.6072813310830628  -0.33026260176902483 0.672652930518576  0.8303417563438416   41.737528987178536 22.19317524322866  0.0              23.11085629588785  1512.0   2237.584459749525  838.4847297101834 55.00141233928683  -0.638641460505707   0.7826070923226972     0.5151558528847132 0.8526854515075684   42.86064560446516  12.140766734821668 0.0              23.86607994362521  2238.1341896313174 837.6881492722473 23.092167550488448 24.427320098491904 0.020978398198522836 0.06518319830777816 
  1308.0   2294.076177248689  844.082445523191  40.93720495901325  0.2176088591419848   0.1650865042770816   0.5441417860023892 0.6253369152545929   31.432861743717314 9.504343215295936  0.0              24.031599624798776 1531.0   2295.993963604252  844.9596646287977 29.561246585583802 0.6181337637045619   0.0033985275663516875  0.6469227004223915 0.4814448654651642   24.20005843926218  5.3611881463216235 0.0              24.753542609222997 2296.545360891686  844.1454182134354 24.066513413783753 24.66229207812721  0.017274256814571187 0.03990153289683269 
  1313.0   2250.3831774257906 845.9514850125237 74.61765574427585  -0.6566029937334249  0.04837972127038729  0.6629508465640741 1.077507197856903    54.16141915163793  20.45623659263792  0.0              23.19934055705112  1541.0   2248.284054029483  850.4328437185397 48.271118358535574 0.26021910396709363  -0.3251360824628897    0.4668177745984358 0.8663829565048218   43.54915730161525  4.721961056920321  0.0              24.891389228358275 2248.833982595111  849.6347315062503 23.18628528642156  24.596845013066012 0.03433533297238072  0.08670007979556653 
  1331.0   2306.387740751482  853.1434569385951 20.4147886353363   0.32561421942168556  0.1274396894984131   0.5642312541967768 0.3427174389362335   17.226857414706878 3.187931220629423  0.0              25.21763254468388  1548.0   2304.625846109809  852.0762164523479 20.90531810940002  0.8050564635017587   0.5252634613878198     0.6190939743119784 0.3734070360660553   18.76948482086173  2.13583328853829   0.0              25.75277685336989  2305.177428708202  851.2603347942509 25.192436929767744 25.7183139668715   0.0489037538224575   0.10174092161540406 
  1354.0   2292.2078088107914 862.3872944495599 24.25482996831798  0.6351898702905273   0.044232851404750355 0.8884584873247513 0.37554003298282623  18.87670093996345  5.378129028354532  0.0              24.64982685880846  1583.0   2287.5094130214193 868.1009060681156 21.991408870227538 -0.6814776335317978  0.18313583234274952    0.7196754315531513 0.3787538409233093   19.03824454661737  2.9531643236101672 0.0              25.400976197974135 2288.060329218777  867.2930395094826 24.276632181991232 25.46367782081425  0.010183695370891317 0.039293526320016536
